14.46777 7.69238 -14.46790 -7.69250
13.79370 56.63385 -13.79370 -6.63397
13.12921 105.64746 -13.12909 -5.64746
12.47449 154.73206 -12.47449 -4.73199
11.82990 203.88647 -11.83002 -3.88641
11.19568 253.10956 -11.19568 -3.10950
10.57208 302.40015 -10.57196 -2.40015
9.95923 351.75708 -9.95911 -1.75708
9.35742 401.17914 -9.35730 -1.17908
8.76678 450.66479 -8.76678 -0.66479
8.18781 500.21283 -8.18781 -0.21283
7.62061 549.82202 -7.62073 0.17798
7.06561 599.49060 -7.06561 0.50940
6.52277 649.21741 -6.52277 0.78259
5.99261 699.00073 -5.99261 0.99927
5.47546 748.83905 -5.47534 1.16095
4.97119 798.73077 -4.97119 1.26923
4.48065 848.67419 -4.48065 1.32581
4.00378 898.66766 -4.00366 1.33234
3.54108 948.70935 -3.54095 1.29065
3.09241 998.79736 -3.09241 1.20264
2.65881 1048.93005 -2.65881 1.06995
2.23993 1099.10522 -2.23993 0.89478
1.83655 1149.32104 -1.83655 0.67896
1.44867 1199.57556 -1.44867 0.42444
1.07690 1249.86646 -1.07690 0.13354
0.72131 1300.19165 -0.72131 -0.19165
0.38245 1350.54907 -0.38245 -0.54895
0.06061 1400.93616 -0.06049 -0.93616
-0.24377 1451.35059 0.24390 -1.35071
-0.53052 1501.79028 0.53052 -1.79028
-0.79907 1552.25244 0.79919 -2.25244
-1.04919 1602.73462 1.04932 -2.73462
-1.28064 1653.23413 1.28064 -3.23413
-1.49268 1703.74841 1.49268 -3.74841
-1.68494 1754.27454 1.68494 -4.27454
-1.85730 1804.80981 1.85730 -4.80981
-2.00916 1855.35120 2.00916 -5.35120
-2.14014 1905.89575 2.14026 -5.89575
-2.24988 1956.44031 2.24988 -6.44031
-2.33789 2006.98193 2.33777 -6.98193
63.57733 7.39807 -13.57739 -7.39807
62.93207 56.34741 -12.93201 -6.34735
62.29608 105.36902 -12.29608 -5.36896
61.66962 154.46191 -11.66974 -4.46185
61.05273 203.62476 -11.05280 -3.62476
60.44586 252.85669 -10.44580 -2.85669
59.84912 302.15637 -9.84906 -2.15631
59.26282 351.52258 -9.26276 -1.52258
58.68689 400.95404 -8.68695 -0.95404
58.12207 450.44946 -8.12201 -0.44952
57.56836 500.00757 -7.56824 -0.00757
57.02570 549.62683 -7.02563 0.37317
56.49487 599.30591 -6.49481 0.69415
55.97571 649.04321 -5.97571 0.95679
55.46893 698.83728 -5.46899 1.16272
54.97443 748.68665 -4.97443 1.31335
54.49261 798.58942 -4.49249 1.41058
54.02362 848.54419 -4.02362 1.45581
53.56812 898.54907 -3.56812 1.45093
53.12598 948.60242 -3.12592 1.39758
52.69751 998.70221 -2.69751 1.29779
52.28333 1048.84668 -2.28333 1.15332
51.88367 1099.03394 -1.88361 0.96606
51.49866 1149.26196 -1.49872 0.73804
51.12866 1199.52856 -1.12866 0.47144
50.77405 1249.83167 -0.77411 0.16833
50.43524 1300.16919 -0.43524 -0.16919
50.11243 1350.53894 -0.11249 -0.53894
49.80591 1400.93848 0.19403 -0.93848
49.51642 1451.36536 0.48364 -1.36536
49.24371 1501.81738 0.75623 -1.81738
48.98853 1552.29187 1.01141 -2.29187
48.75140 1602.78625 1.24866 -2.78625
48.53217 1653.29810 1.46783 -3.29810
48.33142 1703.82446 1.66858 -3.82446
48.14996 1754.36255 1.85004 -4.36255
47.98755 1804.90955 2.01251 -4.90955
47.84503 1855.46252 2.15497 -5.46252
47.72247 1906.01855 2.27753 -6.01855
47.62054 1956.57446 2.37946 -6.57446
47.53955 2007.12695 2.46045 -7.12695
112.71606 7.11615 -12.71606 -7.11603
112.10004 56.07288 -12.10004 -6.07288
111.49292 105.10223 -11.49286 -5.10211
110.89484 154.20300 -10.89478 -4.20288
110.30597 203.37408 -10.30603 -3.37402
109.72662 252.61432 -9.72662 -2.61426
109.15698 301.92267 -9.15698 -1.92261
108.59735 351.29773 -8.59729 -1.29767
108.04779 400.73828 -8.04779 -0.73822
107.50873 450.24310 -7.50873 -0.24310
106.98029 499.81067 -6.98035 0.18927
106.46277 549.43970 -6.46265 0.56030
105.95618 599.12866 -5.95624 0.87128
105.46124 648.87622 -5.46124 1.12378
104.97772 698.68066 -4.97778 1.31934
104.50610 748.54047 -4.50604 1.45953
104.04688 798.45410 -4.04681 1.54590
103.59991 848.41968 -3.59991 1.58032
103.16559 898.43567 -3.16559 1.56433
102.74445 948.50012 -2.74445 1.49988
102.33636 998.61127 -2.33636 1.38873
101.94183 1048.76721 -1.94183 1.23279
101.56128 1098.96594 -1.56134 1.03406
101.19495 1149.20557 -1.19495 0.79443
100.84290 1199.48389 -0.84290 0.51611
100.50574 1249.79883 -0.50574 0.20117
100.18372 1300.14819 -0.18372 -0.14819
99.87708 1350.52979 0.12292 -0.52979
99.58618 1400.94116 0.41382 -0.94116
99.31134 1451.38000 0.68854 -1.38000
99.05304 1501.84375 0.94696 -1.84375
98.81140 1552.33020 1.18860 -2.33020
98.58691 1602.83643 1.41309 -2.83643
98.37988 1653.35974 1.62012 -3.35974
98.19080 1703.89771 1.80920 -3.89771
98.01990 1754.44702 1.98010 -4.44702
97.86761 1805.00537 2.13226 -5.00537
97.73438 1855.56946 2.26569 -5.56946
97.62042 1906.13647 2.37964 -6.13647
97.52631 1956.70276 2.47369 -6.70276
97.45215 2007.26562 2.54785 -7.26562
161.88306 6.84686 -11.88312 -6.84686
161.29633 55.81061 -11.29633 -5.81061
160.71826 104.84717 -10.71838 -4.84723
160.14880 153.95551 -10.14874 -3.95544
159.58826 203.13428 -9.58832 -3.13434
159.03662 252.38263 -9.03668 -2.38269
158.49445 301.69916 -8.49445 -1.69916
157.96179 351.08276 -7.96185 -1.08270
157.43872 400.53204 -7.43866 -0.53198
156.92566 450.04572 -6.92572 -0.04572
156.42279 499.62244 -6.42285 0.37756
155.93042 549.26086 -5.93042 0.73920
155.44855 598.95935 -5.44855 1.04065
154.97778 648.71667 -4.97772 1.28333
154.51788 698.53101 -4.51788 1.46899
154.06958 748.40094 -4.06952 1.59906
153.63275 798.32483 -3.63275 1.67517
153.20801 848.30090 -3.20795 1.69910
152.79535 898.32739 -2.79535 1.67261
152.39508 948.40259 -2.39502 1.59741
152.00757 998.52460 -2.00751 1.47540
151.63306 1048.69153 -1.63300 1.30847
151.27173 1098.90137 -1.27173 1.09863
150.92401 1149.15210 -0.92401 0.84790
150.59021 1199.44165 -0.59021 0.55835
150.27051 1249.76794 -0.27051 0.23206
149.96539 1300.12866 0.03455 -0.12866
149.67505 1350.52161 0.32495 -0.52161
149.39972 1400.94434 0.60028 -0.94434
149.13995 1451.39453 0.86005 -1.39453
148.89587 1501.86963 1.10413 -1.86963
148.66791 1552.36743 1.33209 -2.36743
148.45642 1602.88464 1.54358 -2.88464
148.26166 1653.41919 1.73834 -3.41919
148.08398 1703.96802 1.91602 -3.96802
147.92389 1754.52832 2.07611 -4.52832
147.78162 1805.09741 2.21851 -5.09741
147.65765 1855.67188 2.34241 -5.67188
147.55206 1906.24902 2.44794 -6.24902
147.46558 1956.82544 2.53442 -6.82544
147.39862 2007.39795 2.60138 -7.39795
211.07703 6.59027 -11.07709 -6.59039
210.52002 55.56079 -10.52008 -5.56079
209.97131 104.60431 -9.97125 -4.60425
209.43060 153.71967 -9.43066 -3.71967
208.89844 202.90588 -8.89850 -2.90594
208.37500 252.16180 -8.37500 -2.16180
207.86047 301.48621 -7.86035 -1.48621
207.35492 350.87787 -7.35480 -0.87781
206.85864 400.33545 -6.85870 -0.33545
206.37183 449.85767 -6.37183 0.14233
205.89484 499.44305 -5.89484 0.55695
205.42767 549.09039 -5.42767 0.90961
204.97076 598.79803 -4.97076 1.20197
204.52417 648.56458 -4.52417 1.43542
204.08838 698.38849 -4.08832 1.61151
203.66327 748.26813 -3.66327 1.73187
203.24933 798.20178 -3.24939 1.79822
202.84680 848.18781 -2.84680 1.81219
202.45587 898.22449 -2.45587 1.77551
202.07678 948.30994 -2.07684 1.69006
201.70996 998.44232 -1.70996 1.55768
201.35547 1048.61975 -1.35547 1.38025
201.01367 1098.84021 -1.01373 1.15979
200.68494 1149.10156 -0.68488 0.89844
200.36926 1199.40198 -0.36926 0.59802
200.06726 1249.73901 -0.06726 0.26099
199.77917 1300.11060 0.22089 -0.11060
199.50513 1350.51428 0.49487 -0.51428
199.24561 1400.94800 0.75439 -0.94788
199.00079 1451.40894 0.99921 -1.40894
198.77118 1501.89490 1.22888 -1.89490
198.55688 1552.40332 1.44318 -2.40332
198.35822 1602.93140 1.64178 -2.93140
198.17572 1653.47644 1.82428 -3.47644
198.00964 1704.03564 1.99036 -4.03564
197.86029 1754.60620 2.13971 -4.60620
197.72809 1805.18530 2.27191 -5.18530
197.61322 1855.76978 2.38678 -5.76978
197.51630 1906.35645 2.48370 -6.35645
197.43750 1956.94226 2.56250 -6.94226
197.37726 2007.52393 2.62268 -7.52393
260.29681 6.34711 -10.29688 -6.34711
259.76978 55.32367 -9.76984 -5.32373
259.25043 104.37360 -9.25037 -4.37366
258.73895 153.49579 -8.73901 -3.49579
258.23547 202.68903 -8.23547 -2.68903
257.74030 251.95215 -7.74023 -1.95209
257.25360 301.28394 -7.25360 -1.28400
256.77539 350.68329 -6.77545 -0.68329
256.30615 400.14868 -6.30615 -0.14868
255.84589 449.67902 -5.84583 0.32104
255.39484 499.27271 -5.39484 0.72729
254.95331 548.92859 -4.95331 1.07153
254.52148 598.64490 -4.52142 1.35510
254.09949 648.42029 -4.09943 1.57971
253.68750 698.25317 -3.68750 1.74683
253.28613 748.14209 -3.28607 1.85797
252.89508 798.08508 -2.89514 1.91492
252.51508 848.08069 -2.51501 1.91931
252.14600 898.12701 -2.14600 1.87299
251.78833 948.22229 -1.78833 1.77771
251.44226 998.36456 -1.44220 1.63544
251.10803 1048.55200 -1.10803 1.44800
250.78577 1098.78259 -0.78577 1.21741
250.47601 1149.05420 -0.47601 0.94580
250.17883 1199.36475 -0.17883 0.63525
249.89453 1249.71216 0.10541 0.28796
249.62354 1300.09399 0.37646 -0.09399
249.36597 1350.50806 0.63403 -0.50806
249.12219 1400.95203 0.87781 -0.95203
248.89246 1451.42334 1.10754 -1.42334
248.67725 1501.91956 1.32269 -1.91956
248.47668 1552.43811 1.52332 -2.43811
248.29108 1602.97632 1.70892 -2.97632
248.12097 1653.53125 1.87909 -3.53125
247.96631 1704.10034 2.03369 -4.10034
247.82788 1754.68066 2.17212 -4.68066
247.70563 1805.26917 2.29437 -5.26917
247.59998 1855.86292 2.40002 -5.86292
247.51147 1906.45850 2.48853 -6.45862
247.44037 1957.05322 2.55963 -7.05310
247.38696 2007.64307 2.61304 -7.64307
309.54120 6.11713 -9.54120 -6.11700
309.04437 55.09955 -9.04437 -5.09961
308.55481 104.15564 -8.55475 -4.15570
308.07263 153.28418 -8.07257 -3.28412
307.59814 202.48395 -7.59814 -2.48389
307.13141 251.75385 -7.13141 -1.75385
306.67279 301.09271 -6.67273 -1.09265
306.22223 350.49921 -6.22223 -0.49921
305.78009 399.97211 -5.78009 0.02795
305.34650 449.50995 -5.34650 0.49005
304.92169 499.11157 -4.92169 0.88849
304.50598 548.77545 -4.50598 1.22455
304.09918 598.50000 -4.09924 1.50000
303.70209 648.28387 -3.70209 1.71613
303.31445 698.12537 -3.31445 1.87463
302.93665 748.02295 -2.93665 1.97705
302.56891 797.97491 -2.56891 2.02509
302.21149 847.97955 -2.21149 2.02045
301.86444 898.03503 -1.86450 1.96497
301.52832 948.13965 -1.52832 1.86035
301.20319 998.29138 -1.20319 1.70862
300.88928 1048.48828 -0.88928 1.51172
300.58673 1098.72852 -0.58673 1.27148
300.29602 1149.00977 -0.29602 0.99023
300.01733 1199.33008 -0.01733 0.66992
299.75098 1249.68726 0.24908 0.31274
299.49713 1300.07886 0.50281 -0.07886
299.25616 1350.50269 0.74390 -0.50281
299.02832 1400.95654 0.97168 -0.95654
298.81378 1451.43762 1.18622 -1.43762
298.61298 1501.94348 1.38696 -1.94348
298.42621 1552.47168 1.57385 -2.47168
298.25366 1603.01929 1.74634 -3.01929
298.09576 1653.58374 1.90424 -3.58374
297.95270 1704.16211 2.04730 -4.16211
297.82495 1754.75146 2.17505 -4.75146
297.71271 1805.34888 2.28729 -5.34888
297.61633 1855.95117 2.38367 -5.95117
297.53619 1906.55518 2.46381 -6.55518
297.47253 1957.15771 2.52747 -7.15771
297.42578 2007.75537 2.57428 -7.75549
358.80902 5.90088 -8.80896 -5.90076
358.34253 54.88879 -8.34253 -4.88879
357.88293 103.95050 -7.88293 -3.95038
357.43036 153.08478 -7.43036 -3.08490
356.98511 202.29083 -6.98505 -2.29077
356.54700 251.56702 -6.54700 -1.56708
356.11658 300.91241 -6.11664 -0.91254
355.69391 350.32574 -5.69385 -0.32568
355.27911 399.80566 -5.27924 0.19427
354.87262 449.35089 -4.87256 0.64917
354.47418 498.95990 -4.47412 1.04016
354.08435 548.63123 -4.08429 1.36865
353.70312 598.36365 -3.70319 1.63635
353.33081 648.15546 -3.33081 1.84454
352.96753 698.00513 -2.96759 1.99487
352.61365 747.91101 -2.61365 2.08899
352.26929 797.87140 -2.26929 2.12860
351.93463 847.88464 -1.93463 2.11536
351.60986 897.94885 -1.60986 2.05115
351.29535 948.06226 -1.29541 1.93774
350.99127 998.22290 -0.99127 1.77710
350.69781 1048.42883 -0.69775 1.57117
350.41516 1098.67810 -0.41516 1.32190
350.14380 1148.96863 -0.14380 1.03137
349.88367 1199.29810 0.11633 0.70190
349.63531 1249.66443 0.36469 0.33557
349.39874 1300.06543 0.60132 -0.06543
349.17432 1350.49854 0.82568 -0.49854
348.96234 1400.96143 1.03760 -0.96143
348.76312 1451.45178 1.23688 -1.45178
348.57684 1501.96680 1.42322 -1.96680
348.40375 1552.50403 1.59625 -2.50403
348.24438 1603.06055 1.75562 -3.06055
348.09869 1653.63379 1.90131 -3.63379
347.96722 1704.22070 2.03278 -4.22070
347.85022 1754.81860 2.14984 -4.81860
347.74780 1805.42407 2.25220 -5.42407
347.66064 1856.03442 2.33936 -6.03442
347.58881 1906.64600 2.41119 -6.64600
347.53271 1957.25610 2.46729 -7.25610
347.49255 2007.86072 2.50745 -7.86072
408.09882 5.69830 -8.09882 -5.69843
407.66296 54.69141 -7.66296 -4.69141
407.23358 103.75836 -7.23352 -3.75842
406.81085 152.89832 -6.81079 -2.89813
406.39484 202.10992 -6.39478 -2.10986
405.98584 251.39209 -5.98584 -1.39209
405.58392 300.74371 -5.58386 -0.74359
405.18927 350.16333 -5.18927 -0.16333
404.80212 399.64984 -4.80206 0.35016
404.42249 449.20172 -4.42255 0.79828
404.05084 498.81775 -4.05078 1.18231
403.68707 548.49634 -3.68707 1.50366
403.33142 598.23596 -3.33148 1.76404
402.98431 648.03528 -2.98425 1.96472
402.64569 697.89270 -2.64569 2.10736
402.31580 747.80627 -2.31580 2.19373
401.99487 797.77466 -1.99487 2.22534
401.68317 847.79596 -1.68317 2.20404
401.38086 897.86841 -1.38086 2.13159
401.08807 947.99017 -1.08807 2.00983
400.80518 998.15924 -0.80518 1.84076
400.53223 1048.37366 -0.53229 1.62634
400.26959 1098.63159 -0.26959 1.36841
400.01764 1148.93066 -0.01764 1.06934
399.77618 1199.26880 0.22382 0.73120
399.54578 1249.64392 0.45422 0.35608
399.32660 1300.05347 0.67352 -0.05347
399.11890 1350.49536 0.88110 -0.49536
398.92291 1400.96704 1.07709 -0.96704
398.73889 1451.46582 1.26111 -1.46582
398.56726 1501.98938 1.43274 -1.98938
398.40796 1552.53503 1.59204 -2.53503
398.26160 1603.09985 1.73846 -3.09985
398.12823 1653.68127 1.87170 -3.68127
398.00836 1704.27612 1.99164 -4.27612
397.90198 1754.88184 2.09802 -4.88184
397.80957 1805.49500 2.19043 -5.49500
397.73138 1856.11255 2.26862 -6.11255
397.66772 1906.73120 2.33228 -6.73120
397.61902 1957.34790 2.38092 -7.34778
397.58539 2007.95898 2.41455 -7.95898
457.40942 5.51019 -7.40936 -5.51019
457.00439 54.50775 -7.00439 -4.50775
456.60547 103.57953 -6.60547 -3.57959
456.21271 152.72455 -6.21271 -2.72455
455.82635 201.94153 -5.82629 -1.94147
455.44641 251.22919 -5.44641 -1.22925
455.07324 300.58649 -5.07318 -0.58649
454.70685 350.01208 -4.70685 -0.01202
454.34747 399.50470 -4.34741 0.49536
453.99518 449.06293 -3.99518 0.93713
453.65021 498.68542 -3.65021 1.31458
453.31287 548.37067 -3.31287 1.62933
452.98309 598.11719 -2.98309 1.88281
452.66113 647.92346 -2.66107 2.07648
452.34729 697.78809 -2.34729 2.21191
452.04156 747.70911 -2.04163 2.29095
451.74438 797.68488 -1.74438 2.31512
451.45575 847.71375 -1.45569 2.28625
451.17590 897.79395 -1.17590 2.20605
450.90503 947.92346 -0.90503 2.07654
450.64343 998.10046 -0.64343 1.89954
450.39124 1048.32288 -0.39124 1.67712
450.14868 1098.58887 -0.14868 1.41113
449.91602 1148.89600 0.08398 1.10400
449.69336 1199.24231 0.30664 0.75769
449.48120 1249.62549 0.51886 0.37451
449.27936 1300.04333 0.72064 -0.04333
449.08844 1350.49329 0.91156 -0.49329
448.90851 1400.97290 1.09149 -0.97290
448.73975 1451.47986 1.26025 -1.47986
448.58270 1502.01135 1.41730 -2.01135
448.43726 1552.56470 1.56274 -2.56470
448.30396 1603.13733 1.69604 -3.13733
448.18280 1653.72620 1.81720 -3.72620
448.07440 1704.32861 1.92566 -4.32861
447.97870 1754.94116 2.02130 -4.94116
447.89612 1805.56128 2.10388 -5.56128
447.82690 1856.18542 2.17310 -6.18542
447.77142 1906.81055 2.22858 -6.81055
447.72992 1957.43311 2.27008 -7.43311
447.70264 2008.04968 2.29730 -8.04968
506.73938 5.33643 -6.73938 -5.33630
506.36548 54.33820 -6.36542 -4.33813
505.99725 103.41449 -5.99719 -3.41449
505.63470 152.56403 -5.63464 -2.56403
505.27802 201.78577 -5.27802 -1.78583
504.92755 251.07861 -4.92755 -1.07867
504.58319 300.44116 -4.58319 -0.44116
504.24530 349.87219 -4.24530 0.12781
503.91382 399.37042 -3.91382 0.62958
503.58911 448.93457 -3.58905 1.06543
503.27112 498.56305 -3.27112 1.43695
502.96021 548.25458 -2.96014 1.74542
502.65637 598.00751 -2.65637 1.99249
502.35992 647.82037 -2.35992 2.17963
502.07092 697.69153 -2.07092 2.30847
501.78961 747.61938 -1.78961 2.38062
501.51617 797.60217 -1.51617 2.39783
501.25073 847.63818 -1.25073 2.36182
500.99353 897.72552 -0.99353 2.27448
500.74475 947.86237 -0.74475 2.13763
500.50458 998.04675 -0.50458 1.95325
500.27313 1048.27661 -0.27313 1.72339
500.05078 1098.55005 -0.05078 1.44995
499.83765 1148.86475 0.16235 1.13525
499.63385 1199.21863 0.36615 0.78137
499.43976 1249.60938 0.56024 0.39062
499.25543 1300.03479 0.74457 -0.03479
499.08130 1350.49219 0.91870 -0.49219
498.91748 1400.97937 1.08252 -0.97937
498.76410 1451.49365 1.23590 -1.49365
498.62158 1502.03247 1.37842 -2.03247
498.48993 1552.59326 1.51001 -2.59314
498.36957 1603.17285 1.63043 -3.17285
498.26074 1653.76855 1.73932 -3.76855
498.16376 1704.37756 1.83630 -4.37756
498.07867 1754.99670 1.92126 -4.99670
498.00586 1805.62292 1.99414 -5.62292
497.94550 1856.25293 2.05444 -6.25293
497.89807 1906.88354 2.10193 -6.88354
497.86371 1957.51135 2.13629 -7.51135
497.84265 2008.13293 2.15735 -8.13293
556.08740 5.17737 -6.08746 -5.17737
555.74475 54.18292 -5.74481 -4.18298
555.40735 103.26312 -5.40735 -3.26318
555.07520 152.41693 -5.07520 -2.41687
554.74866 201.64313 -4.74866 -1.64313
554.42767 250.94055 -4.42767 -0.94055
554.11243 300.30792 -4.11243 -0.30792
553.80310 349.74396 -3.80310 0.25604
553.49982 399.24744 -3.49982 0.75256
553.20264 448.81689 -3.20276 1.18311
552.91199 498.45105 -2.91199 1.54895
552.62756 548.14819 -2.62762 1.85175
552.34998 597.90704 -2.34985 2.09296
552.07910 647.72595 -2.07910 2.27405
551.81512 697.60333 -1.81512 2.39667
551.55823 747.53748 -1.55829 2.46252
551.30878 797.52673 -1.30878 2.47327
551.06671 847.56934 -1.06671 2.43066
550.83228 897.66333 -0.83228 2.33667
550.60559 947.80688 -0.60559 2.19312
550.38696 997.99811 -0.38696 2.00189
550.17645 1048.23499 -0.17645 1.76501
549.97437 1098.51526 0.02563 1.48474
549.78076 1148.83691 0.21924 1.16309
549.59595 1199.19788 0.40405 0.80212
549.42004 1249.59558 0.57996 0.40442
549.25330 1300.02795 0.74670 -0.02795
549.09595 1350.49231 0.90405 -0.49231
548.94812 1400.98645 1.05188 -0.98645
548.81012 1451.50745 1.18988 -1.50745
548.68213 1502.05298 1.31787 -2.05298
548.56439 1552.62012 1.43561 -2.62012
548.45703 1603.20605 1.54297 -3.20605
548.36035 1653.80811 1.63965 -3.80811
548.27466 1704.42310 1.72534 -4.42310
548.20013 1755.04810 1.79987 -5.04810
548.13702 1805.67969 1.86298 -5.67969
548.08545 1856.31506 1.91455 -6.31506
548.04590 1906.95056 1.95404 -6.95056
548.01855 1957.58276 1.98145 -7.58276
548.00354 2008.20825 1.99646 -8.20825
605.45203 5.03333 -5.45203 -5.03333
605.14087 54.04218 -5.14087 -4.04224
604.83447 103.12604 -4.83447 -3.12610
604.53302 152.28363 -4.53302 -2.28357
604.23657 201.51367 -4.23657 -1.51367
603.94531 250.81525 -3.94531 -0.81525
603.65942 300.18707 -3.65942 -0.18701
603.37891 349.62762 -3.37891 0.37244
603.10388 399.13580 -3.10388 0.86420
602.83459 448.71021 -2.83459 1.28986
602.57117 498.34937 -2.57117 1.65063
602.31360 548.05182 -2.31366 1.94818
602.06226 597.81604 -2.06226 2.18402
601.81714 647.64050 -1.81714 2.35950
601.57837 697.52356 -1.57837 2.47644
601.34613 747.46350 -1.34613 2.53650
601.12073 797.45874 -1.12073 2.54126
600.90210 847.50732 -0.90210 2.49268
600.69049 897.60748 -0.69049 2.39252
600.48608 947.75726 -0.48608 2.24274
600.28906 997.95477 -0.28906 2.04523
600.09949 1048.19788 -0.09949 1.80212
599.91772 1098.48462 0.08228 1.51538
599.74377 1148.81274 0.25623 1.18726
599.57794 1199.18005 0.42206 0.81995
599.42035 1249.58423 0.57965 0.41577
599.27118 1300.02283 0.72882 -0.02283
599.13062 1350.49365 0.86938 -0.49365
598.99890 1400.99390 1.00110 -0.99390
598.87622 1451.52112 1.12378 -1.52112
598.76282 1502.07263 1.23718 -2.07263
598.65875 1552.64575 1.34125 -2.64575
598.56439 1603.23743 1.43561 -3.23743
598.47986 1653.84497 1.52014 -3.84497
598.40552 1704.46533 1.59448 -4.46533
598.34143 1755.09521 1.65857 -5.09521
598.28778 1805.73169 1.71222 -5.73169
598.24500 1856.37134 1.75500 -6.37134
598.21313 1907.01099 1.78687 -7.01099
598.19257 1957.64697 1.80743 -7.64697
598.18347 2008.27576 1.81653 -8.27576
654.83179 4.90460 -4.83179 -4.90460
654.55231 53.91644 -4.55231 -3.91650
654.27716 103.00336 -4.27716 -3.00336
654.00653 152.16412 -4.00653 -2.16412
653.74048 201.39789 -3.74048 -1.39783
653.47913 250.70312 -3.47913 -0.70312
653.22253 300.07867 -3.22253 -0.07867
652.97107 349.52338 -2.97107 0.47656
652.72461 399.03577 -2.72461 0.96423
652.48328 448.61469 -2.48328 1.38538
652.24731 498.25836 -2.24731 1.74158
652.01672 547.96558 -2.01672 2.03442
651.79175 597.73468 -1.79175 2.26532
651.57245 647.56415 -1.57245 2.43585
651.35901 697.45239 -1.35901 2.54761
651.15161 747.39771 -1.15161 2.60229
650.95032 797.39825 -0.95032 2.60175
650.75525 847.45239 -0.75525 2.54761
650.56665 897.55811 -0.56659 2.44189
650.38452 947.71356 -0.38452 2.28644
650.20917 997.91675 -0.20917 2.08325
650.04077 1048.16565 -0.04077 1.83435
649.87927 1098.45825 0.12073 1.54175
649.72510 1148.79211 0.27490 1.20789
649.57825 1199.16528 0.42175 0.83472
649.43896 1249.57520 0.56104 0.42480
649.30737 1300.01965 0.69263 -0.01965
649.18359 1350.49609 0.81635 -0.49609
649.06799 1401.00195 0.93201 -1.00195
648.96057 1451.53467 1.03937 -1.53467
648.86169 1502.09155 1.13831 -2.09155
648.77136 1552.66992 1.22864 -2.66992
648.68994 1603.26660 1.31006 -3.26660
648.61743 1653.87903 1.38257 -3.87903
648.55426 1704.50391 1.44574 -4.50391
648.50049 1755.13818 1.49951 -5.13818
648.45630 1805.77856 1.54370 -5.77869
648.42200 1856.42212 1.57800 -6.42212
648.39783 1907.06494 1.60217 -7.06494
648.38391 1957.70386 1.61609 -7.70386
648.38043 2008.33521 1.61957 -8.33496
704.22522 4.79169 -4.22522 -4.79169
703.97754 53.80585 -3.97754 -3.80597
703.73376 102.89539 -3.73389 -2.89545
703.49414 152.05908 -3.49414 -2.05920
703.25867 201.29578 -3.25867 -1.29572
703.02740 250.60431 -3.02740 -0.60425
702.80054 299.98328 -2.80054 0.01672
702.57806 349.43152 -2.57806 0.56848
702.36023 398.94769 -2.36023 1.05231
702.14703 448.53046 -2.14703 1.46954
701.93872 498.17828 -1.93872 1.82178
701.73523 547.88965 -1.73523 2.11035
701.53674 597.66321 -1.53674 2.33679
701.34351 647.49719 -1.34351 2.50281
701.15552 697.39014 -1.15552 2.60992
700.97290 747.34009 -0.97290 2.65991
700.79590 797.34552 -0.79590 2.65448
700.62451 847.40454 -0.62451 2.59546
700.45892 897.51532 -0.45892 2.48468
700.29932 947.67590 -0.29932 2.32410
700.14569 997.88428 -0.14569 2.11572
699.99829 1048.13843 0.00171 1.86157
699.85736 1098.43616 0.14264 1.56384
699.72284 1148.77527 0.27716 1.22473
699.59503 1199.15356 0.40497 0.84644
699.47412 1249.56873 0.52588 0.43127
699.36011 1300.01819 0.63989 -0.01819
699.25317 1350.49976 0.74683 -0.49976
699.15356 1401.01050 0.84637 -1.01050
699.06152 1451.54810 0.93848 -1.54810
698.97705 1502.10974 1.02295 -2.10974
698.90039 1552.69263 1.09961 -2.69250
698.83179 1603.29370 1.16821 -3.29358
698.77130 1653.91003 1.22870 -3.91003
698.71912 1704.53882 1.28088 -4.53882
698.67554 1755.17676 1.32446 -5.17676
698.64062 1805.82043 1.35938 -5.82043
698.61475 1856.46680 1.38525 -6.46680
698.59790 1907.11206 1.40210 -7.11206
698.59045 1957.75317 1.40955 -7.75317
698.59247 2008.38599 1.40753 -8.38599
753.63062 4.69458 -3.63068 -4.69470
753.41504 53.71088 -3.41504 -3.71082
753.20294 102.80255 -3.20294 -2.80255
752.99445 151.96857 -2.99445 -1.96857
752.78967 201.20782 -2.78967 -1.20782
752.58862 250.51904 -2.58862 -0.51904
752.39148 299.90094 -2.39148 0.09912
752.19836 349.35236 -2.19836 0.64771
752.00928 398.87170 -2.00928 1.12823
751.82440 448.45795 -1.82440 1.54211
751.64368 498.10925 -1.64374 1.89069
751.46753 547.82446 -1.46753 2.17566
751.29578 597.60175 -1.29572 2.39825
751.12860 647.43976 -1.12860 2.56024
750.96619 697.33679 -0.96619 2.66327
750.80853 747.29102 -0.80853 2.70898
750.65588 797.30072 -0.65582 2.69928
750.50818 847.36414 -0.50818 2.63586
750.36572 897.47937 -0.36572 2.52063
750.22852 947.64447 -0.22852 2.35553
750.09680 997.85742 -0.09680 2.14258
749.97058 1048.11609 0.02942 1.88391
749.85010 1098.41846 0.14990 1.58154
749.73535 1148.76221 0.26465 1.23779
749.62659 1199.14502 0.37341 0.85498
749.52393 1249.56470 0.47607 0.43530
749.42749 1300.01880 0.57251 -0.01880
749.33740 1350.50464 0.66260 -0.50464
749.25391 1401.01978 0.74609 -1.01978
749.17700 1451.56152 0.82300 -1.56140
749.10693 1502.12708 0.89307 -2.12708
749.04388 1552.71362 0.95612 -2.71362
748.98798 1603.31836 1.01202 -3.31836
748.93933 1653.93823 1.06067 -3.93823
748.89819 1704.57007 1.10181 -4.57007
748.86462 1755.21069 1.13538 -5.21069
748.83887 1805.85693 1.16113 -5.85693
748.82117 1856.50537 1.17883 -6.50537
748.81152 1907.15234 1.18848 -7.15234
748.81024 1957.79468 1.18976 -7.79468
748.81744 2008.42822 1.18256 -8.42822
803.04663 4.61371 -3.04663 -4.61371
802.86322 53.63159 -2.86322 -3.63153
802.68286 102.72485 -2.68286 -2.72491
802.50568 151.89282 -2.50568 -1.89282
802.33179 201.13416 -2.33173 -1.13422
802.16113 250.44757 -2.16113 -0.44757
801.99390 299.83197 -1.99390 0.16803
801.83020 349.28589 -1.83020 0.71411
801.67004 398.80811 -1.67004 1.19189
801.51355 448.39716 -1.51355 1.60284
801.36078 498.05164 -1.36078 1.94836
801.21191 547.76996 -1.21191 2.23004
801.06696 597.55066 -1.06696 2.44934
800.92603 647.39209 -0.92596 2.60791
800.78918 697.29260 -0.78918 2.70740
800.65656 747.25049 -0.65656 2.74951
800.52832 797.26398 -0.52832 2.73602
800.40454 847.33124 -0.40454 2.66876
800.28522 897.45032 -0.28522 2.54968
800.17059 947.61938 -0.17059 2.38062
800.06067 997.83624 -0.06067 2.16376
799.95569 1048.09888 0.04431 1.90112
799.85565 1098.40527 0.14435 1.59473
799.76074 1148.75293 0.23926 1.24707
799.67102 1199.13977 0.32898 0.86023
799.58667 1249.56335 0.41333 0.43665
799.50775 1300.02112 0.49225 -0.02112
799.43445 1350.51074 0.56555 -0.51074
799.36688 1401.02954 0.63312 -1.02954
799.30518 1451.57458 0.69482 -1.57458
799.24945 1502.14355 0.75055 -2.14355
799.19989 1552.73328 0.80011 -2.73328
799.15649 1603.34082 0.84351 -3.34082
799.11963 1653.96326 0.88037 -3.96326
799.08923 1704.59741 0.91077 -4.59741
799.06561 1755.24023 0.93439 -5.24023
799.04883 1805.88794 0.95117 -5.88794
799.03906 1856.53772 0.96094 -6.53772
799.03638 1907.18579 0.96356 -7.18579
799.04114 1957.82825 0.95886 -7.82825
799.05328 2008.46191 0.94672 -8.46191
852.47150 4.54956 -2.47150 -4.54956
852.32043 53.56836 -2.32043 -3.56824
852.17200 102.66290 -2.17200 -2.66296
852.02625 151.83221 -2.02625 -1.83221
851.88336 201.07520 -1.88336 -1.07520
851.74329 250.39050 -1.74329 -0.39044
851.60614 299.77673 -1.60614 0.22327
851.47192 349.23267 -1.47192 0.76727
851.34082 398.75714 -1.34082 1.24286
851.21283 448.34863 -1.21283 1.65137
851.08807 498.00562 -1.08807 1.99438
850.96661 547.72668 -0.96661 2.27338
850.84851 597.51001 -0.84851 2.48999
850.73389 647.35437 -0.73389 2.64563
850.62280 697.25793 -0.62280 2.74207
850.51532 747.21887 -0.51532 2.78113
850.41162 797.23553 -0.41162 2.76447
850.31165 847.30603 -0.31165 2.69397
850.21558 897.42841 -0.21558 2.57159
850.12354 947.60071 -0.12354 2.39929
850.03552 997.82098 -0.03552 2.17902
849.95172 1048.08704 0.04828 1.91296
849.87219 1098.39673 0.12781 1.60327
849.79706 1148.74768 0.20294 1.25232
849.72638 1199.13782 0.27362 0.86218
849.66028 1249.56458 0.33972 0.43542
849.59888 1300.02563 0.40112 -0.02563
849.54230 1350.51819 0.45770 -0.51819
849.49066 1401.03979 0.50934 -1.03979
849.44397 1451.58777 0.55603 -1.58777
849.40253 1502.15918 0.59747 -2.15918
849.36627 1552.75122 0.63373 -2.75122
849.33545 1603.36096 0.66455 -3.36096
849.31012 1653.98523 0.68988 -3.98523
849.29041 1704.62097 0.70959 -4.62097
849.27643 1755.26489 0.72357 -5.26489
849.26843 1805.91357 0.73163 -5.91357
849.26636 1856.56372 0.73364 -6.56372
849.27051 1907.21167 0.72949 -7.21167
849.28088 1957.85376 0.71912 -7.85376
849.29773 2008.48633 0.70227 -8.48633
901.90350 4.50214 -1.90350 -4.50214
901.78497 53.52155 -1.78497 -3.52148
901.66864 102.61682 -1.66864 -2.61688
901.55450 151.78717 -1.55450 -1.78717
901.44275 201.03113 -1.44275 -1.03113
901.33331 250.34766 -1.33331 -0.34760
901.22632 299.73535 -1.22632 0.26465
901.12183 349.19305 -1.12183 0.80695
901.01984 398.71912 -1.01984 1.28088
900.92053 448.31238 -0.92053 1.68762
900.82385 497.97137 -0.82385 2.02863
900.72992 547.69446 -0.72992 2.30554
900.63879 597.48016 -0.63879 2.51984
900.55054 647.32684 -0.55054 2.67316
900.46527 697.23279 -0.46527 2.76721
900.38293 747.19623 -0.38293 2.80377
900.30377 797.21552 -0.30377 2.78448
900.22772 847.28857 -0.22772 2.71143
900.15497 897.41370 -0.15497 2.58630
900.08545 947.58875 -0.08545 2.41125
900.01941 997.81171 -0.01941 2.18829
899.95679 1048.08044 0.04321 1.91956
899.89777 1098.39282 0.10223 1.60718
899.84241 1148.74658 0.15759 1.25342
899.79071 1199.13928 0.20929 0.86072
899.74286 1249.56860 0.25714 0.43140
899.69891 1300.03198 0.30109 -0.03198
899.65894 1350.52698 0.34106 -0.52698
899.62311 1401.05078 0.37689 -1.05078
899.59143 1451.60071 0.40857 -1.60071
899.56409 1502.17395 0.43591 -2.17395
899.54108 1552.76758 0.45892 -2.76758
899.52258 1603.37866 0.47748 -3.37866
899.50861 1654.00391 0.49139 -4.00391
899.49939 1704.64038 0.50061 -4.64038
899.49493 1755.28479 0.50507 -5.28479
899.49536 1805.93335 0.50464 -5.93347
899.50085 1856.58313 0.49915 -6.58313
899.51147 1907.23022 0.48853 -7.23022
899.52728 1957.87085 0.47272 -7.87085
899.54846 2008.50159 0.45154 -8.50159
951.34106 4.47211 -1.34106 -4.47223
951.25513 53.49146 -1.25513 -3.49146
951.17102 102.58710 -1.17102 -2.58716
951.08862 151.75781 -1.08862 -1.75781
951.00812 201.00232 -1.00812 -1.00238
950.92944 250.31964 -0.92944 -0.31964
950.85278 299.70819 -0.85278 0.29181
950.77808 349.16687 -0.77802 0.83307
950.70532 398.69427 -0.70532 1.30573
950.63470 448.28882 -0.63470 1.71118
950.56622 497.94928 -0.56622 2.05072
950.49988 547.67389 -0.49988 2.32611
950.43585 597.46124 -0.43585 2.53876
950.37402 647.30969 -0.37402 2.69031
950.31458 697.21747 -0.31458 2.78253
950.25757 747.18286 -0.25757 2.81714
950.20294 797.20410 -0.20294 2.79590
950.15088 847.27924 -0.15088 2.72076
950.10138 897.40637 -0.10138 2.59363
950.05450 947.58350 -0.05450 2.41650
950.01031 997.80859 -0.01031 2.19141
949.96893 1048.07947 0.03107 1.92053
949.93036 1098.39380 0.06964 1.60620
949.89465 1148.74963 0.10535 1.25037
949.86194 1199.14429 0.13806 0.85571
949.83228 1249.57544 0.16772 0.42456
949.80573 1300.04053 0.19427 -0.04053
949.78235 1350.53711 0.21765 -0.53711
949.76221 1401.06226 0.23779 -1.06226
949.74536 1451.61353 0.25464 -1.61353
949.73193 1502.18774 0.26807 -2.18774
949.72205 1552.78223 0.27795 -2.78223
949.71570 1603.39392 0.28430 -3.39392
949.71295 1654.01953 0.28705 -4.01953
949.71399 1704.65588 0.28601 -4.65588
949.71875 1755.29956 0.28125 -5.29956
949.72748 1805.94751 0.27252 -5.94751
949.74017 1856.59583 0.25983 -6.59583
949.75696 1907.24121 0.24304 -7.24121
949.77789 1957.87964 0.22211 -7.87964
949.80310 2008.50732 0.19690 -8.50732
1000.78235 4.45953 -0.78235 -4.45953
1000.72919 53.47852 -0.72919 -3.47845
1000.67737 102.57385 -0.67737 -2.57391
1000.62683 151.74451 -0.62683 -1.74451
1000.57770 200.98914 -0.57770 -0.98914
1000.52997 250.30664 -0.52997 -0.30664
1000.48364 299.69562 -0.48364 0.30438
1000.43878 349.15485 -0.43878 0.84515
1000.39539 398.68274 -0.39539 1.31726
1000.35358 448.27814 -0.35358 1.72186
1000.31335 497.93951 -0.31335 2.06049
1000.27472 547.66510 -0.27472 2.33490
1000.23773 597.45355 -0.23773 2.54645
1000.20245 647.30316 -0.20245 2.69684
1000.16888 697.21216 -0.16888 2.78784
1000.13708 747.17889 -0.13708 2.82111
1000.10712 797.20154 -0.10712 2.79852
1000.07904 847.27808 -0.07904 2.72192
1000.05280 897.40662 -0.05280 2.59338
1000.02850 947.58521 -0.02850 2.41479
1000.00623 997.81171 -0.00623 2.18829
999.98602 1048.08398 0.01398 1.91602
999.96790 1098.39978 0.03210 1.60022
999.95184 1148.75684 0.04816 1.24316
999.93805 1199.15271 0.06195 0.84729
999.92645 1249.58496 0.07355 0.41504
999.91718 1300.05115 0.08282 -0.05115
999.91022 1350.54858 0.08978 -0.54858
999.90564 1401.07446 0.09436 -1.07446
999.90356 1451.62622 0.09644 -1.62622
999.90393 1502.20081 0.09607 -2.20081
999.90692 1552.79517 0.09308 -2.79517
999.91254 1603.40649 0.08746 -3.40649
999.92078 1654.03149 0.07922 -4.03149
999.93182 1704.66699 0.06818 -4.66699
999.94568 1755.30957 0.05432 -5.30945
999.96240 1805.95557 0.03760 -5.95557
999.98199 1856.60168 0.01801 -6.60168
1000.00464 1907.24414 -0.00464 -7.24414
1000.03033 1957.87939 -0.03033 -7.87939
1000.05920 2008.50317 -0.05920 -8.50317
1050.22546 4.46497 -0.22546 -4.46484
1050.20520 53.48297 -0.20520 -3.48297
1050.18579 102.57764 -0.18579 -2.57770
1050.16724 151.74768 -0.16724 -1.74768
1050.14966 200.99182 -0.14966 -0.99182
1050.13281 250.30902 -0.13281 -0.30902
1050.11707 299.69781 -0.11707 0.30219
1050.10205 349.15698 -0.10205 0.84302
1050.08813 398.68506 -0.08813 1.31494
1050.07520 448.28070 -0.07520 1.71930
1050.06323 497.94226 -0.06323 2.05774
1050.05237 547.66833 -0.05237 2.33167
1050.04260 597.45728 -0.04260 2.54272
1050.03381 647.30750 -0.03381 2.69250
1050.02612 697.21716 -0.02612 2.78284
1050.01965 747.18457 -0.01965 2.81543
1050.01428 797.20795 -0.01428 2.79205
1050.01013 847.28528 -0.01013 2.71472
1050.00720 897.41467 -0.00720 2.58533
1050.00549 947.59399 -0.00549 2.40601
1050.00513 997.82129 -0.00513 2.17871
1050.00598 1048.09424 -0.00598 1.90576
1050.00818 1098.41077 -0.00818 1.58923
1050.01184 1148.76843 -0.01184 1.23157
1050.01672 1199.16479 -0.01672 0.83521
1050.02319 1249.59753 -0.02319 0.40247
1050.03101 1300.06396 -0.03101 -0.06396
1050.04041 1350.56152 -0.04041 -0.56152
1050.05127 1401.08728 -0.05127 -1.08728
1050.06372 1451.63867 -0.06372 -1.63867
1050.07776 1502.21277 -0.07776 -2.21277
1050.09338 1552.80640 -0.09338 -2.80640
1050.11072 1603.41663 -0.11072 -3.41663
1050.12976 1654.04028 -0.12976 -4.04016
1050.15063 1704.67383 -0.15063 -4.67383
1050.17322 1755.31396 -0.17322 -5.31396
1050.19763 1805.95752 -0.19763 -5.95752
1050.22388 1856.60046 -0.22388 -6.60046
1050.25195 1907.23926 -0.25195 -7.23926
1050.28210 1957.87024 -0.28210 -7.87024
1050.31421 2008.48914 -0.31421 -8.48914
1099.66870 4.48859 0.33130 -4.48859
1099.68152 53.50525 0.31848 -3.50525
1099.69458 102.59863 0.30542 -2.59863
1099.70813 151.76752 0.29187 -1.76752
1099.72205 201.01074 0.27795 -1.01068
1099.73633 250.32709 0.26367 -0.32703
1099.75098 299.71521 0.24902 0.28479
1099.76611 349.17377 0.23389 0.82623
1099.78162 398.70135 0.21838 1.29865
1099.79761 448.29657 0.20239 1.70343
1099.81409 497.95795 0.18591 2.04205
1099.83093 547.68384 0.16907 2.31616
1099.84827 597.47266 0.15173 2.52734
1099.86609 647.32288 0.13391 2.67712
1099.88428 697.23260 0.11572 2.76740
1099.90308 747.20007 0.09692 2.79993
1099.92236 797.22357 0.07764 2.77643
1099.94214 847.30103 0.05786 2.69897
1099.96252 897.43054 0.03748 2.56946
1099.98340 947.61005 0.01672 2.38995
1100.00476 997.83740 -0.00476 2.16260
1100.02661 1048.11047 -0.02661 1.88953
1100.04919 1098.42700 -0.04919 1.57300
1100.07227 1148.78455 -0.07227 1.21545
1100.09595 1199.18066 -0.09595 0.81934
1100.12012 1249.61304 -0.12012 0.38696
1100.14502 1300.07898 -0.14502 -0.07898
1100.17053 1350.57581 -0.17053 -0.57581
1100.19678 1401.10083 -0.19678 -1.10083
1100.22351 1451.65112 -0.22351 -1.65112
1100.25098 1502.22375 -0.25098 -2.22375
1100.27917 1552.81580 -0.27917 -2.81580
1100.30798 1603.42407 -0.30798 -3.42407
1100.33752 1654.04529 -0.33752 -4.04529
1100.36780 1704.67615 -0.36780 -4.67615
1100.39880 1755.31323 -0.39880 -5.31323
1100.43054 1805.95312 -0.43054 -5.95312
1100.46313 1856.59204 -0.46313 -6.59204
1100.49634 1907.22607 -0.49634 -7.22607
1100.53052 1957.85181 -0.53052 -7.85181
1100.56543 2008.46484 -0.56543 -8.46484
1149.11011 4.53094 0.88989 -4.53082
1149.15601 53.54559 0.84399 -3.54559
1149.20166 102.63721 0.79834 -2.63721
1149.24731 151.80444 0.75269 -1.80444
1149.29285 201.04620 0.70715 -1.04614
1149.33826 250.36115 0.66174 -0.36115
1149.38354 299.74799 0.61646 0.25201
1149.42883 349.20538 0.57129 0.79456
1149.47388 398.73199 0.52612 1.26801
1149.51880 448.32635 0.48120 1.67365
1149.56360 497.98676 0.43640 2.01324
1149.60828 547.71185 0.39172 2.28815
1149.65271 597.50000 0.34729 2.50000
1149.69714 647.34961 0.30286 2.65039
1149.74133 697.25873 0.25867 2.74127
1149.78540 747.22571 0.21460 2.77429
1149.82922 797.24860 0.17078 2.75140
1149.87292 847.32556 0.12708 2.67444
1149.91638 897.45453 0.08362 2.54547
1149.95972 947.63348 0.04028 2.36652
1150.00281 997.86023 -0.00281 2.13977
1150.04578 1048.13269 -0.04578 1.86731
1150.08850 1098.44836 -0.08850 1.55164
1150.13086 1148.80518 -0.13086 1.19482
1150.17310 1199.20032 -0.17310 0.79968
1150.21509 1249.63159 -0.21509 0.36841
1150.25684 1300.09631 -0.25684 -0.09631
1150.29834 1350.59167 -0.29834 -0.59167
1150.33960 1401.11499 -0.33960 -1.11499
1150.38062 1451.66333 -0.38062 -1.66333
1150.42126 1502.23389 -0.42126 -2.23389
1150.46167 1552.82336 -0.46167 -2.82336
1150.50171 1603.42871 -0.50171 -3.42871
1150.54150 1654.04688 -0.54150 -4.04675
1150.58093 1704.67407 -0.58093 -4.67407
1150.62000 1755.30713 -0.62000 -5.30713
1150.65881 1805.94238 -0.65881 -5.94238
1150.69714 1856.57617 -0.69714 -6.57605
1150.73523 1907.20459 -0.73523 -7.20459
1150.77283 1957.82397 -0.77283 -7.82397
1150.81018 2008.43018 -0.81018 -8.43005
1198.54785 4.59229 1.45215 -4.59204
1198.62671 53.60437 1.37329 -3.60437
1198.70520 102.69373 1.29480 -2.69366
1198.78296 151.85883 1.21704 -1.85883
1198.86011 201.09845 1.13989 -1.09845
1198.93677 250.41150 1.06323 -0.41150
1199.01270 299.79651 0.98730 0.20349
1199.08801 349.25220 0.91199 0.74780
1199.16260 398.77716 0.83740 1.22284
1199.23657 448.37000 0.76343 1.63000
1199.30969 498.02899 0.69031 1.97101
1199.38220 547.75281 0.61780 2.24725
1199.45386 597.53961 0.54614 2.46039
1199.52478 647.38782 0.47522 2.61218
1199.59485 697.29578 0.40515 2.70422
1199.66418 747.26160 0.33582 2.73840
1199.73254 797.28326 0.26746 2.71674
1199.80017 847.35901 0.19983 2.64099
1199.86670 897.48682 0.13330 2.51318
1199.93250 947.66449 0.06750 2.33551
1199.99719 997.88995 0.00281 2.11005
1200.06104 1048.16101 -0.06104 1.83899
1200.12378 1098.47522 -0.12378 1.52478
1200.18542 1148.83044 -0.18542 1.16956
1200.24609 1199.22388 -0.24609 0.77612
1200.30566 1249.65332 -0.30566 0.34668
1200.36414 1300.11597 -0.36414 -0.11597
1200.42139 1350.60913 -0.42139 -0.60913
1200.47742 1401.12988 -0.47742 -1.12988
1200.53235 1451.67554 -0.53235 -1.67554
1200.58594 1502.24292 -0.58594 -2.24292
1200.63831 1552.82910 -0.63831 -2.82910
1200.68933 1603.43066 -0.68933 -3.43066
1200.73901 1654.04456 -0.73901 -4.04456
1200.78723 1704.66724 -0.78723 -4.66724
1200.83411 1755.29529 -0.83411 -5.29529
1200.87939 1805.92480 -0.87939 -5.92480
1200.92334 1856.55261 -0.92334 -6.55261
1200.96570 1907.17432 -0.96570 -7.17432
1201.00647 1957.78638 -1.00647 -7.78638
1201.04553 2008.38440 -1.04553 -8.38440
1247.97961 4.67279 2.02039 -4.67279
1248.09180 53.68207 1.90820 -3.68207
1248.20288 102.76855 1.79712 -2.76855
1248.31299 151.93097 1.68701 -1.93091
1248.42188 201.16791 1.57812 -1.16791
1248.52966 250.47845 1.47034 -0.47845
1248.63635 299.86115 1.36365 0.13885
1248.74170 349.31451 1.25830 0.68549
1248.84595 398.83728 1.15405 1.16272
1248.94873 448.42798 1.05127 1.57202
1249.05042 498.08496 0.94958 1.91504
1249.15063 547.80664 0.84937 2.19336
1249.24951 597.59161 0.75049 2.40839
1249.34692 647.43799 0.65308 2.56201
1249.44287 697.34399 0.55713 2.65601
1249.53735 747.30786 0.46265 2.69214
1249.63025 797.32776 0.36975 2.67224
1249.72156 847.40161 0.27844 2.59839
1249.81116 897.52747 0.18884 2.47253
1249.89917 947.70325 0.10083 2.29675
1249.98547 997.92664 0.01453 2.07336
1250.06995 1048.19556 -0.06995 1.80444
1250.15259 1098.50769 -0.15259 1.49231
1250.23340 1148.86047 -0.23340 1.13953
1250.31238 1199.25146 -0.31238 0.74854
1250.38928 1249.67822 -0.38928 0.32178
1250.46423 1300.13794 -0.46423 -0.13794
1250.53699 1350.62793 -0.53699 -0.62793
1250.60767 1401.14539 -0.60779 -1.14539
1250.67627 1451.68750 -0.67627 -1.68738
1250.74255 1502.25098 -0.74255 -2.25098
1250.80652 1552.83276 -0.80652 -2.83276
1250.86816 1603.42969 -0.86816 -3.42969
1250.92737 1654.03857 -0.92737 -4.03845
1250.98413 1704.65576 -0.98413 -4.65564
1251.03821 1755.27759 -1.03821 -5.27759
1251.08984 1805.90076 -1.08984 -5.90076
1251.13867 1856.52124 -1.13879 -6.52124
1251.18494 1907.13525 -1.18494 -7.13525
1251.22827 1957.73877 -1.22827 -7.73877
1251.26880 2008.32776 -1.26880 -8.32776
1297.40356 4.77319 2.59644 -4.77319
1297.54895 53.77893 2.45105 -3.77899
1297.69287 102.86188 2.30713 -2.86194
1297.83521 152.02112 2.16479 -2.02112
1297.97583 201.25500 2.02417 -1.25500
1298.11487 250.56250 1.88513 -0.56244
1298.25220 299.94208 1.74780 0.05786
1298.38770 349.39264 1.61230 0.60736
1298.52148 398.91260 1.47852 1.08740
1298.65332 448.50055 1.34668 1.49945
1298.78333 498.15485 1.21667 1.84515
1298.91125 547.87402 1.08875 2.12598
1299.03723 597.65631 0.96277 2.34363
1299.16113 647.50012 0.83887 2.49988
1299.28284 697.40363 0.71716 2.59637
1299.40247 747.36499 0.59753 2.63501
1299.51978 797.38232 0.48022 2.61768
1299.63477 847.45361 0.36523 2.54639
1299.74731 897.57684 0.25269 2.42316
1299.85754 947.74988 0.14246 2.25012
1299.96509 997.97058 0.03491 2.02942
1300.07019 1048.23657 -0.07019 1.76343
1300.17261 1098.54565 -0.17261 1.45435
1300.27234 1148.89539 -0.27234 1.10461
1300.36938 1199.28308 -0.36938 0.71692
1300.46338 1249.70630 -0.46338 0.29370
1300.55457 1300.16235 -0.55457 -0.16235
1300.64270 1350.64856 -0.64270 -0.64856
1300.72778 1401.16174 -0.72778 -1.16174
1300.80957 1451.69922 -0.80957 -1.69922
1300.88818 1502.25793 -0.88818 -2.25793
1300.96362 1552.83447 -0.96362 -2.83447
1301.03540 1603.42578 -1.03540 -3.42578
1301.10376 1654.02856 -1.10376 -4.02856
1301.16858 1704.63916 -1.16858 -4.63916
1301.22974 1755.25415 -1.22974 -5.25415
1301.28711 1805.86963 -1.28699 -5.86963
1301.34045 1856.48193 -1.34045 -6.48193
1301.39001 1907.08704 -1.39001 -7.08704
1301.43542 1957.68115 -1.43542 -7.68103
1301.47668 2008.25977 -1.47668 -8.25964
1346.81763 4.89380 3.18237 -4.89368
1346.99634 53.89545 3.00366 -3.89545
1347.17297 102.97449 2.82703 -2.97449
1347.34753 152.12970 2.65247 -2.12970
1347.52002 201.35999 2.47998 -1.35992
1347.69019 250.66370 2.30981 -0.66370
1347.85828 300.03979 2.14172 -0.03986
1348.02393 349.48682 1.97607 0.51318
1348.18713 399.00342 1.81287 0.99658
1348.34790 448.58801 1.65210 1.41199
1348.50623 498.23901 1.49377 1.76099
1348.66187 547.95496 1.33813 2.04504
1348.81494 597.73401 1.18506 2.26599
1348.96509 647.57458 1.03491 2.42542
1349.11255 697.47485 0.88745 2.52509
1349.25720 747.43311 0.74280 2.56689
1349.39868 797.44714 0.60132 2.55286
1349.53735 847.51514 0.46265 2.48486
1349.67261 897.63501 0.32739 2.36499
1349.80481 947.80463 0.19519 2.19537
1349.93372 998.02179 0.06628 1.97821
1350.05920 1048.28418 -0.05920 1.71582
1350.18115 1098.58948 -0.18115 1.41052
1350.29956 1148.93530 -0.29968 1.06470
1350.41443 1199.31885 -0.41443 0.68115
1350.52539 1249.73779 -0.52539 0.26221
1350.63257 1300.18933 -0.63257 -0.18933
1350.73572 1350.67065 -0.73572 -0.67065
1350.83484 1401.17883 -0.83484 -1.17883
1350.92969 1451.71094 -0.92969 -1.71094
1351.02039 1502.26367 -1.02039 -2.26367
1351.10657 1552.83423 -1.10657 -2.83423
1351.18835 1603.41895 -1.18835 -3.41895
1351.26550 1654.01465 -1.26550 -4.01465
1351.33789 1704.61768 -1.33789 -4.61768
1351.40552 1755.22461 -1.40552 -5.22461
1351.46802 1805.83130 -1.46802 -5.83130
1351.52563 1856.43433 -1.52563 -6.43433
1351.57788 1907.02954 -1.57788 -7.02954
1351.62476 1957.61292 -1.62476 -7.61292
1351.66626 2008.17993 -1.66626 -8.17993
1396.21948 5.03479 3.78052 -5.03467
1396.43152 54.03186 3.56848 -4.03180
1396.64087 103.10645 3.35913 -3.10651
1396.84778 152.25726 3.15222 -2.25726
1397.05200 201.48309 2.94800 -1.48309
1397.25342 250.78265 2.74658 -0.78271
1397.45215 300.15460 2.54797 -0.15460
1397.64771 349.59760 2.35229 0.40240
1397.84058 399.11011 2.15942 0.88989
1398.03015 448.69073 1.96985 1.30927
1398.21667 498.33783 1.78333 1.66217
1398.40002 548.04980 1.59998 1.95026
1398.57996 597.82495 1.42004 2.17505
1398.75659 647.66174 1.24341 2.33826
1398.92957 697.55811 1.07043 2.44189
1399.09900 747.51233 0.90100 2.48773
1399.26477 797.52240 0.73523 2.47760
1399.42676 847.58643 0.57324 2.41357
1399.58472 897.70221 0.41528 2.29779
1399.73877 947.86768 0.26123 2.13232
1399.88867 998.08051 0.11133 1.91949
1400.03442 1048.33850 -0.03442 1.66150
1400.17578 1098.63928 -0.17578 1.36072
1400.31262 1148.98022 -0.31262 1.01978
1400.44495 1199.35901 -0.44495 0.64099
1400.57251 1249.77271 -0.57251 0.22729
1400.69531 1300.21887 -0.69531 -0.21887
1400.81323 1350.69446 -0.81323 -0.69446
1400.92603 1401.19666 -0.92603 -1.19666
1401.03369 1451.72229 -1.03369 -1.72229
1401.13599 1502.26843 -1.13599 -2.26843
1401.23279 1552.83179 -1.23279 -2.83179
1401.32397 1603.40894 -1.32397 -3.40894
1401.40942 1653.99658 -1.40942 -3.99670
1401.48914 1704.59106 -1.48914 -4.59106
1401.56250 1755.18872 -1.56250 -5.18872
1401.62988 1805.78589 -1.62988 -5.78589
1401.69092 1856.37842 -1.69092 -6.37854
1401.74536 1906.96252 -1.74536 -6.96252
1401.79321 1957.53394 -1.79321 -7.53394
1401.83423 2008.08838 -1.83423 -8.08838
1445.60706 5.19672 4.39294 -5.19659
1445.85229 54.18860 4.14771 -4.18872
1446.09448 103.25812 3.90552 -3.25812
1446.33362 152.40399 3.66638 -2.40399
1446.56958 201.62482 3.43042 -1.62488
1446.80212 250.91968 3.19788 -0.91968
1447.03137 300.28687 2.96863 -0.28687
1447.25708 349.72510 2.74292 0.27490
1447.47925 399.23297 2.52075 0.76703
1447.69775 448.80896 2.30225 1.19104
1447.91248 498.45148 2.08752 1.54858
1448.12329 548.15881 1.87671 1.84113
1448.33008 597.92950 1.66992 2.07050
1448.53284 647.76160 1.46716 2.23840
1448.73132 697.65344 1.26868 2.34656
1448.92554 747.60303 1.07446 2.39703
1449.11523 797.60840 0.88477 2.39160
1449.30054 847.66760 0.69958 2.33234
1449.48096 897.77863 0.51904 2.22137
1449.65662 947.93915 0.34338 2.06085
1449.82727 998.14691 0.17273 1.85309
1449.99292 1048.39978 0.00708 1.60022
1450.15344 1098.69507 -0.15344 1.30493
1450.30859 1149.03052 -0.30859 0.96948
1450.45813 1199.40344 -0.45813 0.59656
1450.60205 1249.81116 -0.60205 0.18884
1450.74036 1300.25098 -0.74036 -0.25098
1450.87256 1350.71997 -0.87256 -0.71997
1450.99878 1401.21521 -0.99878 -1.21521
1451.11865 1451.73364 -1.11865 -1.73364
1451.23218 1502.27197 -1.23218 -2.27197
1451.33911 1552.82715 -1.33911 -2.82715
1451.43933 1603.39587 -1.43933 -3.39587
1451.53259 1653.97437 -1.53259 -3.97437
1451.61890 1704.55933 -1.61890 -4.55920
1451.69775 1755.14673 -1.69775 -5.14673
1451.76929 1805.73279 -1.76929 -5.73279
1451.83313 1856.31396 -1.83313 -6.31384
1451.88916 1906.88562 -1.88916 -6.88562
1451.93726 1957.44385 -1.93726 -7.44385
1451.97705 2007.98438 -1.97705 -7.98438
1494.97803 5.37994 5.02197 -5.37994
1495.25647 54.36621 4.74353 -4.36615
1495.53149 103.43011 4.46851 -3.43005
1495.80273 152.57031 4.19727 -2.57031
1496.07031 201.78577 3.92969 -1.78583
1496.33398 251.07507 3.66602 -1.07507
1496.59375 300.43689 3.40625 -0.43689
1496.84937 349.86981 3.15063 0.13019
1497.10095 399.37238 2.89905 0.62762
1497.34814 448.94305 2.65186 1.05695
1497.59082 498.58032 2.40918 1.41968
1497.82910 548.28247 2.17090 1.71753
1498.06262 598.04785 1.93738 1.95215
1498.29138 647.87469 1.70862 2.12531
1498.51526 697.76123 1.48474 2.23883
1498.73401 747.70538 1.26599 2.29462
1498.94751 797.70538 1.05249 2.29462
1499.15576 847.75909 0.84424 2.24091
1499.35852 897.86450 0.64148 2.13550
1499.55566 948.01923 0.44434 1.98077
1499.74683 998.22119 0.25305 1.77881
1499.93237 1048.46790 0.06775 1.53210
1500.11157 1098.75708 -0.11157 1.24292
1500.28455 1149.08606 -0.28455 0.91394
1500.45117 1199.45239 -0.45105 0.54761
1500.61108 1249.85315 -0.61108 0.14685
1500.76428 1300.28577 -0.76428 -0.28577
1500.91064 1350.74719 -0.91064 -0.74719
1501.04980 1401.23462 -1.04968 -1.23462
1501.18152 1451.74463 -1.18152 -1.74463
1501.30591 1502.27454 -1.30591 -2.27454
1501.42236 1552.82056 -1.42236 -2.82056
1501.53113 1603.37939 -1.53113 -3.37939
1501.63184 1653.94788 -1.63184 -3.94788
1501.72412 1704.52197 -1.72412 -4.52197
1501.80786 1755.09802 -1.80786 -5.09802
1501.88293 1805.67212 -1.88293 -5.67212
1501.94910 1856.24048 -1.94910 -6.24048
1502.00598 1906.79858 -2.00598 -6.79858
1502.05371 1957.34265 -2.05359 -7.34265
1502.09155 2007.86792 -2.09155 -7.86792
1544.33008 5.58508 5.66992 -5.58496
1544.64160 54.56494 5.35840 -4.56494
1544.94922 103.62250 5.05078 -3.62250
1545.25269 152.75671 4.74731 -2.75665
1545.55200 201.96588 4.44800 -1.96588
1545.84656 251.24921 4.15344 -1.24927
1546.13672 300.60498 3.86328 -0.60498
1546.42236 350.03198 3.57764 -0.03198
1546.70300 399.52856 3.29700 0.47144
1546.97876 449.09332 3.02124 0.90668
1547.24951 498.72467 2.75049 1.27533
1547.51489 548.42090 2.48511 1.57910
1547.77502 598.18030 2.22498 1.81970
1548.02966 648.00116 1.97034 1.99884
1548.27856 697.88159 1.72144 2.11841
1548.52173 747.81976 1.47827 2.18024
1548.75891 797.81360 1.24109 2.18640
1548.98999 847.86096 1.01001 2.13904
1549.21472 897.95996 0.78528 2.04004
1549.43298 948.10822 0.56702 1.89178
1549.64453 998.30347 0.35547 1.69653
1549.84937 1048.54333 0.15063 1.45667
1550.04724 1098.82544 -0.04724 1.17456
1550.23779 1149.14709 -0.23779 0.85291
1550.42102 1199.50586 -0.42102 0.49414
1550.59668 1249.89880 -0.59668 0.10120
1550.76440 1300.32324 -0.76440 -0.32324
1550.92432 1350.77625 -0.92432 -0.77625
1551.07593 1401.25476 -1.07593 -1.25476
1551.21924 1451.75562 -1.21924 -1.75562
1551.35376 1502.27563 -1.35388 -2.27576
1551.47961 1552.81152 -1.47961 -2.81152
1551.59631 1603.35986 -1.59631 -3.35986
1551.70361 1653.91699 -1.70374 -3.91699
1551.80151 1704.47925 -1.80151 -4.47925
1551.88965 1755.04272 -1.88965 -5.04272
1551.96753 1805.60364 -1.96753 -5.60364
1552.03516 1856.15796 -2.03516 -6.15796
1552.09241 1906.70142 -2.09241 -6.70142
1552.13867 1957.22974 -2.13867 -7.22974
1552.17407 2007.73853 -2.17395 -7.73853
1593.66052 5.81226 6.33948 -5.81226
1594.00537 54.78522 5.99463 -4.78522
1594.34558 103.83606 5.65442 -3.83606
1594.68115 152.96338 5.31897 -2.96338
1595.01172 202.16595 4.98828 -2.16595
1595.33740 251.44257 4.66260 -1.44257
1595.65796 300.79169 4.34204 -0.79169
1595.97314 350.21204 4.02686 -0.21204
1596.28284 399.70209 3.71716 0.29797
1596.58704 449.26019 3.41296 0.73981
1596.88550 498.88483 3.11450 1.11517
1597.17822 548.57446 2.82178 1.42554
1597.46460 598.32727 2.53540 1.67279
1597.74500 648.14136 2.25500 1.85864
1598.01880 698.01501 1.98120 1.98499
1598.28613 747.94629 1.71387 2.05371
1598.54663 797.93317 1.45337 2.06683
1598.80029 847.97357 1.19971 2.02643
1599.04675 898.06531 0.95325 1.93469
1599.28589 948.20624 0.71411 1.79376
1599.51758 998.39392 0.48242 1.60608
1599.74146 1048.62610 0.25854 1.37390
1599.95740 1098.90027 0.04260 1.09973
1600.16528 1149.21375 -0.16528 0.78625
1600.36475 1199.56396 -0.36475 0.43604
1600.55542 1249.94824 -0.55554 0.05176
1600.73755 1300.36353 -0.73755 -0.36353
1600.91064 1350.80713 -0.91064 -0.80713
1601.07422 1401.27576 -1.07434 -1.27576
1601.22852 1451.76636 -1.22852 -1.76636
1601.37305 1502.27563 -1.37305 -2.27563
1601.50732 1552.80029 -1.50732 -2.80029
1601.63135 1603.33667 -1.63147 -3.33667
1601.74500 1653.88147 -1.74500 -3.88147
1601.84766 1704.43066 -1.84766 -4.43066
1601.93933 1754.98047 -1.93933 -4.98059
1602.01953 1805.52710 -2.01953 -5.52710
1602.08813 1856.06616 -2.08813 -6.06616
1602.14465 1906.59351 -2.14465 -6.59363
1602.18896 1957.10498 -2.18896 -7.10498
1602.22070 2007.59595 -2.22083 -7.59595
1642.96741 6.06219 7.03259 -6.06207
1643.34521 55.02753 6.65479 -5.02759
1643.71790 104.07086 6.28210 -4.07092
1644.08533 153.19080 5.91467 -3.19086
1644.44727 202.38617 5.55273 -2.38617
1644.80383 251.65533 5.19617 -1.65533
1645.15454 300.99719 4.84546 -0.99719
1645.49927 350.41022 4.50073 -0.41022
1645.83789 399.89294 4.16199 0.10706
1646.17041 449.44385 3.82959 0.55615
1646.49658 499.06128 3.50342 0.93878
1646.81592 548.74353 3.18408 1.25647
1647.12866 598.48889 2.87134 1.51111
1647.43433 648.29553 2.56555 1.70447
1647.73303 698.16174 2.26697 1.83826
1648.02417 748.08533 1.97583 1.91467
1648.30786 798.06445 1.69214 1.93555
1648.58374 848.09698 1.41626 1.90302
1648.85156 898.18073 1.14844 1.81927
1649.11133 948.31348 0.88867 1.68652
1649.36279 998.49280 0.63721 1.50720
1649.60535 1048.71643 0.39465 1.28357
1649.83911 1098.98169 0.16089 1.01831
1650.06372 1149.28613 -0.06372 0.71387
1650.27905 1199.62695 -0.27905 0.37305
1650.48462 1250.00146 -0.48462 -0.00146
1650.68042 1300.40674 -0.68042 -0.40674
1650.86621 1350.83984 -0.86621 -0.83984
1651.04150 1401.29761 -1.04150 -1.29761
1651.20605 1451.77686 -1.20605 -1.77686
1651.35974 1502.27441 -1.35974 -2.27441
1651.50220 1552.78662 -1.50220 -2.78662
1651.63306 1603.31018 -1.63306 -3.31018
1651.75220 1653.84155 -1.75220 -3.84155
1651.85913 1704.37646 -1.85913 -4.37646
1651.95361 1754.91138 -1.95349 -4.91138
1652.03528 1805.44214 -2.03528 -5.44214
1652.10400 1855.96484 -2.10400 -5.96484
1652.15918 1906.47498 -2.15918 -6.47498
1652.20068 1956.96826 -2.20068 -6.96826
1652.22803 2007.43970 -2.22803 -7.43982
1692.24780 6.33502 7.75208 -6.33490
1692.65869 55.29242 7.34131 -5.29236
1693.06372 104.32770 6.93628 -4.32770
1693.46289 153.43958 6.53711 -3.43964
1693.85620 202.62683 6.14380 -2.62683
1694.24329 251.88806 5.75671 -1.88806
1694.62390 301.22205 5.37610 -1.22205
1694.99805 350.62714 5.00195 -0.62714
1695.36548 400.10187 4.63452 -0.10187
1695.72607 449.64478 4.27393 0.35522
1696.07959 499.25409 3.92053 0.74585
1696.42578 548.92828 3.57434 1.07172
1696.76428 598.66553 3.23572 1.33447
1697.09521 648.46399 2.90479 1.53601
1697.41821 698.32190 2.58179 1.67810
1697.73303 748.23718 2.26697 1.76282
1698.03955 798.20770 1.96045 1.79230
1698.33740 848.23157 1.66260 1.76843
1698.62646 898.30646 1.37354 1.69354
1698.90637 948.43011 1.09363 1.56989
1699.17700 998.60022 0.82300 1.39978
1699.43799 1048.81433 0.56201 1.18567
1699.68909 1099.06995 0.31091 0.93005
1699.93018 1149.36426 0.06982 0.63574
1700.16089 1199.69482 -0.16089 0.30518
1700.38086 1250.05859 -0.38086 -0.05859
1700.58984 1300.45288 -0.59009 -0.45288
1700.78784 1350.87451 -0.78784 -0.87451
1700.97412 1401.32031 -0.97412 -1.32031
1701.14856 1451.78723 -1.14856 -1.78723
1701.31079 1502.27185 -1.31091 -2.27185
1701.46069 1552.77063 -1.46069 -2.77063
1701.59766 1603.28003 -1.59766 -3.28003
1701.72156 1653.79663 -1.72156 -3.79663
1701.83203 1704.31616 -1.83203 -4.31616
1701.92859 1754.83508 -1.92859 -4.83508
1702.01099 1805.34888 -2.01111 -5.34888
1702.07910 1855.85376 -2.07886 -5.85376
1702.13208 1906.34521 -2.13208 -6.34521
1702.16968 1956.81885 -2.16968 -6.81873
1702.19189 2007.26978 -2.19177 -7.26978
1741.49951 6.63129 8.50049 -6.63116
1741.94287 55.58002 8.05701 -5.57996
1742.38037 104.60657 7.61963 -4.60657
1742.81116 153.70984 7.18884 -3.70990
1743.23535 202.88849 6.76465 -2.88849
1743.65283 252.14117 6.34717 -2.14117
1744.06348 301.46655 5.93652 -1.46649
1744.46680 350.86298 5.53320 -0.86298
1744.86279 400.32904 5.13721 -0.32904
1745.25110 449.86322 4.74890 0.13678
1745.63184 499.46381 4.36816 0.53619
1746.00439 549.12927 3.99561 0.87073
1746.36865 598.85754 3.63135 1.14246
1746.72437 648.64709 3.27551 1.35291
1747.07153 698.49585 2.92847 1.50415
1747.40967 748.40192 2.59033 1.59808
1747.73865 798.36316 2.26135 1.63684
1748.05811 848.37744 1.94189 1.62256
1748.36792 898.44269 1.63208 1.55731
1748.66760 948.55646 1.33240 1.44354
1748.95728 998.71643 1.04285 1.28357
1749.23608 1048.92017 0.76379 1.07983
1749.50439 1099.16504 0.49561 0.83496
1749.76135 1149.44849 0.23865 0.55151
1750.00684 1199.76770 -0.00684 0.23230
1750.24072 1250.11987 -0.24072 -0.11987
1750.46252 1300.50195 -0.46252 -0.50195
1750.67200 1350.91113 -0.67200 -0.91113
1750.86865 1401.34399 -0.86865 -1.34399
1751.05225 1451.79736 -1.05225 -1.79736
1751.22266 1502.26794 -1.22266 -2.26794
1751.37915 1552.75220 -1.37915 -2.75208
1751.52173 1603.24634 -1.52173 -3.24634
1751.64966 1653.74695 -1.64966 -3.74695
1751.76282 1704.25000 -1.76282 -4.24988
1751.86060 1754.75122 -1.86084 -4.75122
1751.94312 1805.24707 -1.94312 -5.24707
1752.00940 1855.73267 -2.00940 -5.73267
1752.05920 1906.20410 -2.05920 -6.20410
1752.09229 1956.65649 -2.09229 -6.65662
1752.10815 2007.08545 -2.10815 -7.08545
1790.71948 6.95154 9.28052 -6.95142
1791.19556 55.89093 8.80444 -5.89099
1791.66492 104.90833 8.33508 -4.90826
1792.12732 154.00226 7.87268 -4.00226
1792.58240 203.17157 7.41760 -3.17157
1793.03003 252.41504 6.96973 -2.41498
1793.47021 301.73096 6.52979 -1.73096
1793.90259 351.11810 6.09741 -1.11810
1794.32690 400.57489 5.67310 -0.57483
1794.74280 450.09961 5.25720 -0.09967
1795.15027 499.69073 4.84973 0.30927
1795.54883 549.34662 4.45105 0.65338
1795.93848 599.06531 4.06128 0.93469
1796.31897 648.84509 3.68103 1.15491
1796.68994 698.68396 3.31006 1.31604
1797.05103 748.58002 2.94897 1.41998
1797.40210 798.53107 2.59790 1.46893
1797.74292 848.53503 2.25708 1.46497
1798.07300 898.58966 1.92700 1.41034
1798.39221 948.69269 1.60779 1.30731
1798.70020 998.84161 1.29980 1.15839
1798.99658 1049.03406 1.00342 0.96594
1799.28125 1099.26733 0.71875 0.73267
1799.55371 1149.53882 0.44629 0.46118
1799.81372 1199.84570 0.18628 0.15430
1800.06079 1250.18506 -0.06079 -0.18506
1800.29468 1300.55420 -0.29468 -0.55420
1800.51514 1350.94971 -0.51514 -0.94971
1800.72168 1401.36853 -0.72168 -1.36853
1800.91382 1451.80737 -0.91382 -1.80737
1801.09155 1502.26270 -1.09155 -2.26270
1801.25415 1552.73108 -1.25391 -2.73108
1801.40112 1603.20898 -1.40112 -3.20898
1801.53247 1653.69226 -1.53247 -3.69226
1801.64746 1704.17737 -1.64746 -4.17737
1801.74585 1754.65991 -1.74585 -4.65991
1801.82715 1805.13611 -1.82715 -5.13611
1801.89099 1855.60132 -1.89099 -5.60132
1801.93677 1906.05127 -1.93677 -6.05127
1801.96411 1956.48120 -1.96411 -6.48120
1801.97266 2006.88672 -1.97241 -6.88647
1839.90527 7.29620 10.09473 -7.29608
1840.41382 56.22565 9.58618 -6.22571
1840.91504 105.23309 9.08508 -5.23309
1841.40845 154.31714 8.59155 -4.31708
1841.89429 203.47650 8.10571 -3.47650
1842.37195 252.70996 7.62805 -2.70990
1842.84155 302.01599 7.15845 -2.01593
1843.30249 351.39307 6.69751 -1.39307
1843.75476 400.83972 6.24524 -0.83972
1844.19800 450.35437 5.80200 -0.35437
1844.63208 499.93524 5.36792 0.06470
1845.05664 549.58081 4.94336 0.41919
1845.47119 599.28912 4.52869 0.71088
1845.87598 649.05835 4.12402 0.94165
1846.27026 698.88654 3.72974 1.11346
1846.65405 748.77173 3.34595 1.22827
1847.02686 798.71173 2.97314 1.28827
1847.38843 848.70447 2.61157 1.29553
1847.73840 898.74768 2.26160 1.25232
1848.07654 948.83893 1.92346 1.16107
1848.40247 998.97589 1.59753 1.02411
1848.71594 1049.15601 1.28406 0.84399
1849.01660 1099.37671 0.98352 0.62329
1849.30383 1149.63525 0.69617 0.36475
1849.57764 1199.92883 0.42236 0.07117
1849.83740 1250.25464 0.16260 -0.25464
1850.08301 1300.60950 -0.08289 -0.60950
1850.31348 1350.99023 -0.31360 -0.99023
1850.52930 1401.39404 -0.52917 -1.39392
1850.72937 1451.81702 -0.72937 -1.81702
1850.91345 1502.25610 -0.91345 -2.25610
1851.08130 1552.70752 -1.08130 -2.70752
1851.23230 1603.16772 -1.23230 -3.16760
1851.36609 1653.63257 -1.36609 -3.63257
1851.48218 1704.09839 -1.48218 -4.09839
1851.58008 1754.56104 -1.58008 -4.56104
1851.65942 1805.01611 -1.65942 -5.01611
1851.71973 1855.45947 -1.71973 -5.45947
1851.76038 1905.88647 -1.76025 -5.88635
1851.78088 1956.29248 -1.78088 -6.29248
1851.78088 2006.67261 -1.78088 -6.67261
1889.05396 7.66577 10.94604 -7.66577
1889.59473 56.58459 10.40540 -6.58459
1890.12744 105.58142 9.87256 -5.58142
1890.65198 154.65497 9.34802 -4.65497
1891.16821 203.80371 8.83179 -3.80371
1891.67554 253.02655 8.32446 -3.02649
1892.17407 302.32178 7.82581 -2.32178
1892.66357 351.68817 7.33643 -1.68823
1893.14355 401.12402 6.85645 -1.12396
1893.61377 450.62781 6.38623 -0.62781
1894.07397 500.19769 5.92590 -0.19769
1894.52393 549.83215 5.47607 0.16785
1894.96338 599.52917 5.03662 0.47083
1895.39197 649.28711 4.60803 0.71289
1895.80933 699.10376 4.19067 0.89624
1896.21521 748.97723 3.78479 1.02277
1896.60938 798.90540 3.39062 1.09460
1896.99121 848.88599 3.00879 1.11401
1897.36072 898.91687 2.63928 1.08313
1897.71729 948.99554 2.28271 1.00446
1898.06079 999.11963 1.93921 0.88037
1898.39062 1049.28650 1.60938 0.71350
1898.70654 1099.49365 1.29346 0.50635
1899.00818 1149.73828 0.99182 0.26172
1899.29517 1200.01746 0.70483 -0.01746
1899.56689 1250.32837 0.43311 -0.32837
1899.82324 1300.66797 0.17676 -0.66797
1900.06360 1351.03308 -0.06360 -1.03308
1900.28772 1401.42041 -0.28772 -1.42041
1900.49487 1451.82654 -0.49487 -1.82654
1900.68481 1502.24805 -0.68481 -2.24805
1900.85706 1552.68115 -0.85706 -2.68115
1901.01099 1603.12231 -1.01099 -3.12231
1901.14648 1653.56750 -1.14648 -3.56750
1901.26257 1704.01294 -1.26257 -4.01294
1901.35925 1754.45410 -1.35925 -4.45410
1901.43555 1804.88684 -1.43555 -4.88684
1901.49121 1855.30688 -1.49109 -5.30688
1901.52563 1905.70947 -1.52563 -5.70947
1901.53833 1956.08984 -1.53833 -6.08984
1901.52869 2006.44324 -1.52869 -6.44324
1938.16260 8.06061 11.83728 -8.06061
1938.73535 56.96826 11.26465 -6.96832
1939.29932 105.95386 10.70056 -5.95386
1939.85474 155.01611 10.14526 -5.01617
1940.40100 204.15369 9.59900 -4.15356
1940.93787 253.36505 9.06213 -3.36499
1941.46533 302.64893 8.53467 -2.64893
1941.98279 352.00385 8.01721 -2.00378
1942.48999 401.42816 7.51001 -1.42816
1942.98694 450.92029 7.01306 -0.92023
1943.47314 500.47845 6.52698 -0.47845
1943.94812 550.10095 6.05188 -0.10095
1944.41187 599.78601 5.58813 0.21399
1944.86377 649.53174 5.13623 0.46826
1945.30383 699.33606 4.69617 0.66394
1945.73145 749.19702 4.26855 0.80298
1946.14624 799.11237 3.85376 0.88763
1946.54810 849.07996 3.45190 0.92004
1946.93640 899.09753 3.06360 0.90247
1947.31104 949.16266 2.68909 0.83734
1947.67126 999.27283 2.32874 0.72717
1948.01709 1049.42554 1.98291 0.57446
1948.34778 1099.61816 1.65222 0.38184
1948.66309 1149.84766 1.33691 0.15222
1948.96265 1200.11157 1.03735 -0.11157
1949.24573 1250.40662 0.75427 -0.40662
1949.51221 1300.72974 0.48779 -0.72974
1949.76147 1351.07800 0.23853 -1.07800
1949.99304 1401.44775 0.00696 -1.44775
1950.20654 1451.83582 -0.20654 -1.83582
1950.40137 1502.23853 -0.40137 -2.23853
1950.57715 1552.65210 -0.57715 -2.65210
1950.73315 1603.07300 -0.73328 -3.07312
1950.86938 1653.49731 -0.86926 -3.49731
1950.98462 1703.92065 -0.98450 -3.92065
1951.07874 1754.33899 -1.07874 -4.33899
1951.15112 1804.74805 -1.15112 -4.74805
1951.20117 1855.14307 -1.20117 -5.14307
1951.22803 1905.51978 -1.22803 -5.51978
1951.23169 1955.87317 -1.23169 -5.87317
1951.21118 2006.19824 -1.21118 -6.19836
1987.22876 8.48138 12.77136 -8.48132
1987.83289 57.37714 12.16711 -7.37708
1988.42822 106.35083 11.57190 -6.35083
1989.01392 155.40106 10.98608 -5.40112
1989.58984 204.52655 10.41016 -4.52661
1990.15588 253.72601 9.84412 -3.72595
1990.71167 302.99780 9.28833 -2.99774
1991.25684 352.34052 8.74316 -2.34052
1991.79126 401.75244 8.20874 -1.75244
1992.31433 451.23218 7.68567 -1.23218
1992.82581 500.77783 7.17419 -0.77777
1993.32556 550.38770 6.67444 -0.38770
1993.81299 600.05994 6.18701 -0.05994
1994.28809 649.79260 5.71191 0.20740
1994.75024 699.58368 5.24976 0.41632
1995.19897 749.43115 4.80103 0.56879
1995.63416 799.33289 4.36584 0.66711
1996.05542 849.28662 3.94458 0.71338
1996.46204 899.28998 3.53796 0.71002
1996.85388 949.34058 3.14612 0.65942
1997.23059 999.43591 2.76941 0.56409
1997.59155 1049.57336 2.40845 0.42664
1997.93628 1099.75024 2.06360 0.24963
1998.26465 1149.96387 1.73535 0.03613
1998.57605 1200.21118 1.42395 -0.21118
1998.86975 1250.48926 1.13025 -0.48926
1999.14551 1300.79492 0.85449 -0.79492
1999.40283 1351.12500 0.59705 -1.12500
1999.64136 1401.47620 0.35864 -1.47620
1999.86011 1451.84485 0.13989 -1.84485
2000.05908 1502.22742 -0.05908 -2.22742
2000.23755 1552.62036 -0.23755 -2.62036
2000.39478 1603.01978 -0.39478 -3.01978
2000.53040 1653.42151 -0.53040 -3.42151
2000.64380 1703.82153 -0.64380 -3.82153
2000.73425 1754.21558 -0.73438 -4.21558
2000.80151 1804.59937 -0.80151 -4.59937
2000.84473 1854.96802 -0.84473 -4.96802
2000.86316 1905.31738 -0.86316 -5.31726
2000.85645 1955.64197 -0.85632 -5.64197
2000.82349 2005.93726 -0.82349 -5.93701
